ARCADE & S&H



#1
EVERY 2: TR.PULSE 3
$ 2; $ 3
$ 7
TR.PULSE 4
$ 6

#2
I TI.PARAM 2
IF GTE I 8: PN 0 X 1
IF LTE I 2: PN 0 X 0

#3
I TI.PARAM 3
IF GTE I 8: PN 1 X 1
IF LTE I 2: PN 1 X 0

#4
PN 1 X 1

#5
PN 1 X 0

#6
EVERY 2: CV 1 V RAND 10
EVERY 2: CV 2 V RAND 10
EVERY 2: CV 5 N PN.RND 2
EVERY 2: CV 6 V RND 10
EVERY 2: CV 7 V RND 10
EVERY 2: CV 8 V RND 10

#7
X O
IF PN 0 X: TR.PULSE 1
IF PN 1 X: TR.PULSE 2

#8

#M
I TI.PARAM 1
PN.END 0 I
PN.END 1 I
O.MAX I

#I
PN.START 0 0; PN.END 0 32
PN.START 1 0; PN.END 1 32
O.MIN 0; O.MAX 32
TI.PARAM.MAP 1 1 32
TI.PARAM.MAP 2 1 10
TI.PARAM.MAP 3 1 10

#P
0	0	7	0
1	1	1	1
0	0	0	0
9	9	6	63

0	0	1	0
0	0	2	0
0	0	5	0
0	0	6	0
0	0	8	0
0	0	9	0
0	0	11	0
0	0	0	0
0	0	0	0
0	0	0	0
0	0	0	0
0	0	0	0
0	0	0	0
0	0	0	0
0	0	0	0
0	0	0	0
1	1	0	0
1	1	0	0
0	1	0	0
1	1	0	0
1	1	0	0
0	1	0	0
1	0	0	0
1	0	0	0
0	0	0	0
0	0	0	0
0	0	0	0
0	0	0	0
0	0	0	0
0	0	0	0
0	0	0	0
0	1	0	0
0	0	0	0
0	0	0	0
0	0	0	0
0	0	0	0
0	0	0	0
0	0	0	0
0	0	0	0
0	0	0	0
0	0	0	0
0	0	0	0
0	0	0	0
0	0	0	0
0	0	0	0
0	0	0	0
0	0	0	0
0	0	0	0
0	0	0	0
0	0	0	0
0	0	0	0
0	0	0	0
0	0	0	0
0	0	0	0
0	0	0	0
0	0	0	0
0	0	0	0
0	0	0	0
0	0	0	0
0	0	0	0
0	0	0	0
0	0	0	0
0	0	0	0
0	0	0	0

#G
0000000000000000
0000000000000000
0000000000000000
0000000000000000
0000000000000000
0000000000000000
0000000000000000
0000000000000000
0000000000000000
0000000000000000
0000000000000000
0000000000000000
0000000000000000
0000000000000000
0000000000000000
0000000000000000

0	0	0	0	0	0	0	0	0	0	0	0	0	0	0	0
0	0	0	0	0	0	0	0	0	0	0	0	0	0	0	0
0	0	0	0	0	0	0	0	0	0	0	0	0	0	0	0
0	0	0	0	0	0	0	0	0	0	0	0	0	0	0	0
